$ANSIBLE_VAULT;1.1;AES256
65643665303730303135316535636361353466313030393965313065306238383464623762643234
6363363638316334363161613862333637353932636633650a346133626335316564633736316561
38633666356162646536623962663930666131633365383830656233633731363235623135353964
3436643336336538340a653061323533613636383834386562313431383461323062356437663737
66393233623933396365326362633137663435333530616631663063393636653637363331323538
31633639393063646539656237633033376265383364303137343539653038356532663636353839
34663364646439653630653034643030313730623134616363316331346139323337353633326436
39613661656261343032643433363734616138626332313438393533323138353033633639383837
65373037653834663562303561636565623536613033373636653265393936363439666538323035
63363639326330383633313030343633396231333734323834363632393934656330623136636534
31343039333332336262336430396162356562626562316162376161393361356565656437323063
33356165366461373032663964353637636263333561303732353537396164356538303031313564
32346663643034386337613263323161626436376532313661633931363430646132626134623031
65663864646130363962313134623930316632366466613837373338326336306435636234303461
65393630393930623865386434663337613738633164323836353961663065343264613463303638
39343233623363633764316463346266323662383133653162326137326164316336643137363235
65633735393738356530636666636563303330333330346337336164623666633262643661376365
30366135343061313033393431393665333037616666356138663034376330646136313261643332
62663836633632376166343466616266393264303763613464323132616366313865646339643438
63666239633064346361623465383531623032666330393334323364376330616564386166343239
32333264376332373236303330336631663834303061626465396236623238613965383163363131
35663166646339666438336236326532343763653061356666643833643437363134666364376330
65323330633666326331626563343932656230643239666230396430393062346236643639623831
38326539356139353537303436643563663566323639616462323334363462336535386165326232
30386332353330383336663864316432653531656666343838333932363766653432316665633132
37303065336465396364333836356337356136653339373235313061323639363439666436306630
37386161303331623432386131373563643530343065343566373332353339383264363366366665
37306431373564323132666166666636303061653732376131303362623738303931306164633666
33303238383762376230666665646232623364346164643235366330343161613262366233333038
38613537336332316265656431323036663038666633623236666137613464613833303566643930
66353138383039653133323765636531653861623734636635376366393937386662656536616163
34343838656633666263633963656664333261313538346562376563303135393435306637393433
66663662633065303563613038313133346139346134316666616330333433323437356361326365
30306161623237346664313861326562646633306230643763613563383437363135323036323335
37323936626465383865346434666163386162323633636562643238613063616165623939383765
33346534633534366661333532613033616563656135313734643865323031353964613765376430
30323335636565346664386165386137323835353066333033343463356230303831633230643137
30323930316665376464623434383630663462346161313433303366323631363264346165323038
35396138666136393763303063613265323262653962306563666331356665363438336535626233
31613464363738373365643133313931313064316364323662303937343537316135336333633737
34366334393964613063383737653630663866303738643563353066323333613262303265333466
38343632316238396565623733326262373733313739343463366363393465313834666532666361
38306135386664643937356262666564663365646533333836313462313666353937346566373265
64356633346364633230366562323433353061623738356636343663646263306564626338623566
66373031356163633165656435303232396139346530653063623037366237363062306636393661
35393063346639303135613561633236393364616230633037613339616435666337396138643333
38343264346438626237636366366161353539356562336333386161303433366338303135653136
34333862663839343130623639396630626636303630363935383565396231323762663934663332
64356166333236393334623638356238306433376466343831343562663764323935313332613063
39613531343533326363663161653561343061623735643131653735663932363963663736373463
63646334353139643834393164393463623264343036393031623835653564623533313463373035
30633432313434323263653836306530393839363835393564333032343334363336383338333037
63396539313663373932383930323564663165396437313131306161306238373634666166656366
35393138636565356233383631336634363333633333613762326139663132346561646431616663
37356430663735366635346263643839306464653637326636623532323566303731376463336534
63633862656431333339633963316531653632376330643966663861336662323765383837373664
36386437353430306665386138393561623334316136346564613237303834363535373461613062
36383164376337346336303335373932346234656332353534366563333332303336663964323139
36336237373765333064346636633265323964633636326339306532616162623634313434333462
65393561666236326336656466393531373865303538343830323866366231646662373734353662
63313230366164326231356261643730633731313231306365386138313134633461333863633336
34663336366465366435653661326166643937663033623333666132393566386139613165326134
30653066383035393230343864333639373831333664306439386666356534303337393565306237
39313639663165343136393630643333643330626466636435623336616635353734616530336435
30393037383066316165353065306334306439373331393561636661626533613030663865353033
64613737333763353863656361353334623836626338656463613466623939356539373036356162
36393765336665303738636561393734643165326135666563396466396534303232626362366533
30313963343439383964396462623231346230623236326565636663393838366265376135626361
34316331623932366664393238663239626664383761306531306339363161643366653861623435
32383634353838393630623334373036396435393031626262393631306531623339353865386461
64393962393465353430336333356361623033333639613564373365646131393931393933373530
36323834373763623738633662626462373538383263326232633266636434373664383362663835
37353831643834393762396636643363336265336135366539383130663264386563386339393164
31326537343366643363376565376636323766613364623735326531366262313035326238613132
39396665336162326564653661313336323232303662323139383861393335643436313761343232
35323534366635633739356635326366383264653035613265326463636563623037613362653638
38303533636662303862663134356135613363636131663930646465656433393137626166336561
65303636656635636331653232646666643537393861663030346334346361343835346633633366
63323161623534343331643032633666373937363863623937633130363863636263313632363535
63633235333264633034323239313934663731643239383465613432616465353731383561376435
61323064303663613365656232323736656662393066663563363363373331336439623263626238
34313664343231303732653665313934613464663138613330393530386662643666313138343337
33663938386635336461663831623632373736316334336334373563643037393339643232366663
31613434306566363838306563333336366537623630363235376231343562653361646664633732
64313863646431363431663331333762666236343334343562383935386638313263633637636630
38363734363263393461346238306666333161623638376265633436393536383031313031656235
31336465343161363633386130653763626235316635643135626131366232663139376532666461
32333563656438646661636633323764333939633366633232323136396361666530303438313738
38306261356339363064653430666131356436343132616239326665343162393834643561626233
38363137623337363538626566623937333562333265366361353262336530623866626337306262
33396439616632303137643232663036316162373565386139633238633535363338333230303932
61363965393064336232313734396462616133373535316466333636363563313466323537663366
37326366303839656261376663366335636564623935633639623730653638666661326362326237
33633137353839373437663934363536363932616431393837303766613865376262346436313666
64343833383764653534373561373262656233303866313131393863326561323036323166386535
31663235626532626632363063396162343233663932633931633339623439323661663139323439
34663230636263323933303639653562666332333561626563663833623530623961643838316264
39626536306564653430356532656263393062303535386361383835333538393734633232366464
31333535363434323733613238343036323539633333303037336661303533356638373333373036
30363733633330353462396538383738346463303535356138653463393434303134333364666561
64333462383939363465386231303962313265636662353634316366313738346437393338343139
33376335666433653038323662373434323337636332636434343233653861383030333733636665
31393761316163396136626565353538663032363563313963653563656333633733613365623636
35336264343866366431353263646461396437626164616537363938346362373239333132653531
37653864643634666632656661636639326235313231336538373965306539343731353664666532
62303334653161333964376630663434633735363361333761326236613632383134376239613364
39323837663735663433383633666337353466386333626336363561616238613435646139643838
33386438316566396333663630616433383732336334623130303438343539656166313335353733
35333933663565643862316466633164626233626534623966623162313230343230353538333638
32316638313637313265376338336435656132366564363932343330343730323633643565623634
30373034346263316433636231646236326165333136356537376635363838356635326364303836
32363939653139356130646361333537623435656237633764373061363136353666353438326638
38643063346134323063333838343030623066326635323665373131663730663934376565633662
37353436623232313832646533613133323439616565663766623237366363333661386463373265
36616232663762616566663263333764626137356431656562393632323462383634653163633164
31356635316536396237666132383034643935336237383330393561346437626130336638626433
62643633313039323436313639383161323662336364353934666536633962366361353132643166
33653630613964333066366638653234343337393134366634313262646535646539663732376335
66363235666535623539393836653764323739383230393832353362663862653533393539616533
36386336306266306263653036633735333562613535633963626534336639373165356362333438
33633232303461316666616532343434643666616566666239323838663232326666346562646561
63383464646465323333636564383065663435326463363533353938303736653939373533323661
65353831653830326265616165323536353333663561626639376466316263353937333264396361
34663530343462633633363433306435396139326433336361396161386562353234396133626336
65333236636266326366316536333633643336646361653732343865313736396138383334326430
36656564363534343065306437626464626561313061663561383265653330386439326330396561
63656630653230666637386130326363386532336534613733636165386432643630393138663434
65386636336239393436366463333535343164623861346362616565363563653839313663646437
31336165383732613561346465306531383935303030623266316533633033353339633732376339
61623666393633353939373931663733626438633561386636623136623636316463396563393633
66656431623535613866363732306535616637633963303164313636363438316266633133313832
37333533636436356535633835386135383434643661373361653865646534633835646164323832
65343231353237653733393433323936643434363166653837656131343131646336333665303435
3232396631613961623039616230396566363465353263333039
